0
4.912383556365967
47.74772262573242
128.24330520629883
247.8039972782135
406.4640712738037
409.0567355155945
450.4200258255005
531.2530632019043
651.4308345317841
810.9446020126343
813.61727643013
855.5388305187225
936.5751602649689
1056.5674741268158
1215.5334374904633
1220.7954370975494
1266.459195137024
1350.8312230110168
1474.636316537857
1638.3314621448517
1644.770550251007
1698.8856782913208
1796.6834614276886
1935.9386718273163
2115.8216423988342
2119.710018157959
2163.4993085861206
2247.4235167503357
2371.076247215271
2534.4378650188446
2537.2765696048737
2580.3706929683685
2663.1887102127075
2786.1685342788696
2948.086889028549
2950.9227528572083
2993.147294282913
3074.3525564670563
3194.6829488277435
3354.152896642685
3356.7311725616455
3398.3656878471375
3479.149458169937
3599.0112409591675
3758.1587266921997
3760.886862039566
3802.653034210205
3883.3717951774597
4002.9509358406067
4161.502522468567
4164.159345626831
4205.749478340149
4286.599278211594
4406.669769525528
4565.769716262817
4568.396354198456
4610.260149478912
4691.262273550034
4811.323493480682
4970.675512552261
4973.344277620316
5015.446724891663
5097.056303262711
5218.159114122391
5378.83589720726
5381.599205493927
5423.857792854309
5505.615085840225
5626.914988040924
5787.688246011734
5790.441076517105
5832.66349363327
5914.495841264725
6036.036005735397
6197.1928815841675
6200.003346681595
6242.472732067108
6324.611933708191
6446.332243442535
6607.638665437698
6610.407469034195
6652.767267465591
6734.726660251617
6856.1462342739105
7017.180764913559
7019.917511224747
7062.435664892197
7144.595237255096
7266.175924539566
7427.302877187729
7430.075736045837
7472.470155239105
7554.414043903351
7676.009884357452
7837.35120010376
7840.101460933685
7882.432181835175
7964.437292575836
8086.06086230278
8247.499655246735
8250.20085477829
8292.667412519455
8374.863666057587
8496.707568883896
8658.136292934418
8660.933722257614
8703.60911488533
8785.790116071701
8907.761308193207
9069.971928596497
9072.898402452469
9116.6486287117
9201.113508224487
9325.89823937416
9490.861895799637
9493.675069570541
9536.93041396141
9620.50490140915
9743.842560529709
9907.19011926651
9910.110996961594
9953.821395874023
10038.831091403961
10166.52818274498
