0.18112691294712324
0.06641038442806652
0.05827366094260166
0.0554037036995093
0.062292060193916164
0.05917807730535666
0.059205826154599586
0.058544902286181845
0.058836101670749485
0.0675751879500846
0.06216964785320064
0.06014581851971646
0.05861334179838498
0.05821820676016311
0.05821836032749464
0.05791462904307991
0.057931082183495165
0.057746360652769606
0.057851650309748946
0.05750430504170557
0.057494373968802394
0.05721171149828782
0.05749987658734123
0.05734843890337894
0.05729019947660466
