0.3022291362285614
0.35297002375125885
0.20849705308675767
0.11097215317189693
0.11296949923038482
0.142412930727005
0.07029348514974117
0.06052119862288237
0.06555055685341359
0.07189376853406429
0.1389155089855194
0.062074193097651005
0.05606100983917713
0.05920297160744667
0.056593812108039855
0.1305973380804062
0.057709982730448244
0.054872986301779746
0.06073314312845469
0.04696765337139368
0.1456305831670761
0.10135467007756233
0.04662411533296108
0.051512805223464964
0.055444311276078226
0.11647719889879227
0.08865398131310939
0.04559712160378695
0.05062567465007305
0.055254187174141406
0.11553888395428658
0.08809542901813984
0.045427712611854076
0.05086874108761549
0.0547885449975729
0.1148175299167633
0.0860472147166729
0.04454180058091879
0.04931110452860594
0.054828263223171234
0.11186036467552185
0.08601204194128513
0.04557089917361736
0.05017586350440979
0.05513368856161833
0.10896381363272667
0.09991600394248962
0.0701103637367487
0.0630996474251151
0.045868592374026775
0.09906052425503731
0.08549508087337017
0.059702828638255594
0.057728348076343534
0.046539666391909124
0.0912511870265007
0.07942783683538437
0.05425325054675341
0.0552483743801713
0.04809677980840206
0.08731524646282196
0.07552328743040562
0.050785116702318195
0.0532660622894764
0.04793986402451992
0.08345714583992958
0.07368497893214226
0.04853104807436466
0.052026819251477716
0.05052120637148619
0.08356712758541107
0.07167132139205933
0.0511120917648077
0.054080922640860084
0.0485571140050888
0.08161840587854385
0.07096659697592259
0.05034605611115694
0.053837142139673236
0.04843955233693123
0.08200943097472191
0.07073573641479015
0.0497385036200285
0.05406860802322626
0.04813861053436994
0.08019529655575752
0.06967470839619637
0.05008244540542364
0.053144011348485946
0.04940342117100954
0.0782204195857048
0.0697622313350439
0.04933734368532896
0.05303571581840515
0.05004064008593559
0.0791558250784874
0.06851742804050445
0.04911660946905613
0.052925291359424594
0.0501697576791048
0.0785614363849163
0.06888885736465454
0.049149247892200945
0.053806610330939295
0.048662959560751916
0.07984331622719765
0.0679876284301281
0.0491382248327136
0.05294520795345306
0.0490991098433733
0.07863156124949455
0.06918611533939839
0.04887196902185678
0.05333040364086628
0.04871342774480581
0.07812470570206642
0.06852047741413117
0.049089640565216544
0.05273406937718392
0.04891116239130497
0.07740219682455063
0.06845111448317766
0.04917403593659401
0.052918812334537504
0.04859919976443052
