Epoch: 0 0.18112691294712324 187.33088946342468
Epoch: 1 0.06641038442806652 188.09725713729858
Epoch: 2 0.05827366094260166 188.65869760513306
Epoch: 3 0.0554037036995093 195.79379272460938
Epoch: 4 0.062292060193916164 210.4490361213684
Epoch: 5 0.05917807730535666 193.49626755714417
Epoch: 6 0.059205826154599586 191.76951241493225
Epoch: 7 0.058544902286181845 189.2030041217804
Epoch: 8 0.058836101670749485 188.801038980484
Epoch: 9 0.0675751879500846 188.02402448654175
Epoch: 10 0.06216964785320064 188.83350205421448
Epoch: 11 0.06014581851971646 189.2740182876587
Epoch: 12 0.05861334179838498 190.74575662612915
Epoch: 13 0.05821820676016311 190.74852347373962
Epoch: 14 0.05821836032749464 191.2411606311798
Epoch: 15 0.05791462904307991 191.38469743728638
Epoch: 16 0.057931082183495165 191.15028262138367
Epoch: 17 0.057746360652769606 191.10956859588623
Epoch: 18 0.057851650309748946 191.32001161575317
Epoch: 19 0.05750430504170557 191.4279808998108
Epoch: 20 0.057494373968802394 191.4636013507843
Epoch: 21 0.05721171149828782 192.69887232780457
Epoch: 22 0.05749987658734123 195.4472725391388
Epoch: 23 0.05734843890337894 194.01256704330444
Epoch: 24 0.05729019947660466 200.21866655349731